MS01   23.570   94.032   190                    
MS02   23.606   93.696  1495                    
MS03   23.153   93.437  1532                    
MS04   22.830   93.996   154                    
MS05   22.586   94.509   134     
MS06   23.521   95.664   190                    
MS07   22.340   95.772    55                    
MS08   22.691   95.321    88                    
MS09   23.478   96.080    72                    
MS10   23.316   95.241   160
MS11   23.573   94.055   185 
MP01   23.351   93.572  1424                    
MP02   23.298   93.641  1400                    
MP03   23.236   93.728  1520                    
MP04   23.224   93.843  1500                    
MP05   23.217   93.953   235                    
MP06   23.245   94.041    93                    
MP07   23.232   94.134    90                    
MP08   23.260   94.236   122                    
MP09   23.197   94.304    82                    
MP10   23.181   94.371    90                    
MP11   23.193   94.431   140                    
MP13   23.202   94.610   200                    
MP14   23.152   94.832   250                    
MP16   22.999   95.154   190                    
MP18   23.048   95.535   140                    
MP19   23.048   95.669   155                    
MP20   23.055   95.934    90                    
MP21   23.120   96.124   145                    
MP22   23.045   95.832   160                    
MP23   23.105   96.018    70                    
MP25   23.369   93.414  1020            
